
+--------------------------------------+--------------+---------+-------+---------------------+---------+---------+--------+--------+--------+--------+--------+--------+--------+--------+--------+---------+---------+---------+---------+---------+---------+---------+---------+---------+---------+---------+---------+---------+---------+---------+---------+
| EliteID                              | ExperimentID | ActorID | Frame | Timestamp           | Fitness | Event0  | Event1 | Event2 | Event3 | Event4 | Event5 | Event6 | Event7 | Event8 | Event9 | Event10 | Event11 | Event12 | Event13 | Event14 | Event15 | Event16 | Event17 | Event18 | Event19 | Event20 | Event21 | Event22 | Event23 | Event24 | Event25 |
+--------------------------------------+--------------+---------+-------+---------------------+---------+---------+--------+--------+--------+--------+--------+--------+--------+--------+--------+---------+---------+---------+---------+---------+---------+---------+---------+---------+---------+---------+---------+---------+---------+---------+---------+
| d57163de-6b90-11e9-8dad-005056a54761 |          222 |       1 |     3 | 2019-04-30 21:42:21 | 26.9375 |   9.625 |      0 | 0.9375 | 0.8125 |  0.625 | 0.4375 | 0.3125 |  0.375 | 0.3125 | 0.3125 |       0 |       0 |       0 |       0 |       0 |       0 |       0 |       0 |       0 |       0 |       0 |       0 |       0 |       0 |       0 |       0 |
| d57163dd-6b90-11e9-8dad-005056a54761 |          222 |       1 |     1 | 2019-04-30 21:42:21 |  26.125 |  9.8125 |      0 | 0.9375 | 0.8125 |  0.625 |  0.375 | 0.3125 |  0.375 | 0.3125 | 0.3125 |       0 |       0 |       0 |       0 |       0 |       0 |       0 |       0 |       0 |       0 |       0 |       0 |       0 |       0 |       0 |       0 |
| d6b45a43-6b90-11e9-8dad-005056a54761 |          222 |       1 |     7 | 2019-04-30 21:42:23 | 25.6875 |   9.875 |      0 | 0.9375 | 0.9375 |   0.75 |    0.5 |  0.375 |  0.375 | 0.3125 | 0.3125 |       0 |       0 |       0 |       0 |       0 |       0 |       0 |       0 |       0 |       0 |       0 |       0 |       0 |       0 |       0 |       0 |
| d4a6e6c1-6b90-11e9-8dad-005056a54761 |          222 |       1 |     8 | 2019-04-30 21:42:20 | 25.3125 |     9.5 |      0 |  0.875 |   0.75 | 0.5625 |  0.375 |   0.25 | 0.3125 |   0.25 | 0.3125 |       0 |       0 |       0 |       0 |       0 |       0 |       0 |       0 |       0 |       0 |       0 |       0 |       0 |       0 |       0 |       0 |
| de157c32-6bb3-11e9-8dad-005056a54761 |          222 |       1 |     3 | 2019-05-01 01:53:09 |      23 |  8.1875 |      0 |  0.875 | 0.8125 | 0.6875 |  0.625 |  0.375 | 0.3125 |   0.25 |   0.25 |       0 |       0 |       0 |       0 |       0 |       0 |       0 |       0 |       0 |       0 |       0 |       0 |       0 |       0 |       0 |       0 |
| df6da7a6-6bb3-11e9-8dad-005056a54761 |          222 |       1 |     7 | 2019-05-01 01:53:10 | 22.6875 |  8.0625 |      0 |  0.875 |   0.75 |  0.625 | 0.5625 |  0.375 | 0.3125 |   0.25 |   0.25 |       0 |       0 |       0 |       0 |       0 |       0 |       0 |       0 |       0 |       0 |       0 |       0 |       0 |       0 |       0 |       0 |
| fd6ea46a-6b92-11e9-8dad-005056a54761 |          222 |       1 |    12 | 2019-04-30 21:57:47 | 22.3125 | 10.0625 |      0 |   0.75 |    0.5 |   0.75 | 0.6875 |  0.625 | 0.5625 |  0.375 | 0.3125 |       0 |       0 |       0 |       0 |       0 |       0 |       0 |       0 |       0 |       0 |       0 |       0 |       0 |       0 |       0 |       0 |
| fbf37b44-6b92-11e9-8dad-005056a54761 |          222 |       1 |    15 | 2019-04-30 21:57:45 |  22.125 |  10.375 |      0 | 0.6875 | 0.4375 | 0.6875 |  0.625 |  0.625 | 0.5625 |  0.375 | 0.3125 |       0 |       0 |       0 |       0 |       0 |       0 |       0 |       0 |       0 |       0 |       0 |       0 |       0 |       0 |       0 |       0 |
| d07adb12-6ba2-11e9-8dad-005056a54761 |          222 |       1 |     2 | 2019-04-30 23:51:03 |  22.125 |    7.75 |      0 | 0.9375 |  0.875 | 0.6875 | 0.5625 |    0.5 |  0.375 | 0.3125 |   0.25 |       0 |       0 |       0 |       0 |       0 |       0 |       0 |       0 |       0 |       0 |       0 |       0 |       0 |       0 |       0 |       0 |
| de157c31-6bb3-11e9-8dad-005056a54761 |          222 |       1 |     2 | 2019-05-01 01:53:09 |      22 |       8 |      0 |  0.875 | 0.8125 | 0.6875 | 0.5625 | 0.3125 |   0.25 |   0.25 |   0.25 |       0 |       0 |       0 |       0 |       0 |       0 |       0 |       0 |       0 |       0 |       0 |       0 |       0 |       0 |       0 |       0 |
+--------------------------------------+--------------+---------+-------+---------------------+---------+---------+--------+--------+--------+--------+--------+--------+--------+--------+--------+---------+---------+---------+---------+---------+---------+---------+---------+---------+---------+---------+---------+---------+---------+---------+---------+

+--------------------------------------+--------------+---------+-------+---------------------+---------+---------+--------+--------+--------+--------+--------+--------+--------+--------+--------+---------+---------+---------+---------+---------+---------+---------+---------+---------+---------+---------+---------+---------+---------+---------+---------+
| EliteID                              | ExperimentID | ActorID | Frame | Timestamp           | Fitness | Event0  | Event1 | Event2 | Event3 | Event4 | Event5 | Event6 | Event7 | Event8 | Event9 | Event10 | Event11 | Event12 | Event13 | Event14 | Event15 | Event16 | Event17 | Event18 | Event19 | Event20 | Event21 | Event22 | Event23 | Event24 | Event25 |
+--------------------------------------+--------------+---------+-------+---------------------+---------+---------+--------+--------+--------+--------+--------+--------+--------+--------+--------+---------+---------+---------+---------+---------+---------+---------+---------+---------+---------+---------+---------+---------+---------+---------+---------+
| 6a6eb1f4-6bcf-11e9-8dad-005056a54761 |          222 |       2 |     4 | 2019-05-01 05:10:19 |  20.625 |  47.875 |      0 | 0.8125 | 0.5625 | 0.5625 | 0.5625 | 0.4375 | 0.4375 | 0.4375 | 0.4375 |       0 |       0 |       0 |       0 |       0 |       0 |       0 |       0 |       0 |       0 |       0 |       0 |       0 |       0 |       0 |       0 |
| 98a51676-6bae-11e9-8dad-005056a54761 |          222 |       2 |     6 | 2019-05-01 01:15:24 | 17.9375 |  38.875 |      0 | 0.6875 |    0.5 | 0.3125 |   0.25 |   0.25 |   0.25 |   0.25 |   0.25 |       0 |       0 |       0 |       0 |       0 |       0 |       0 |       0 |       0 |       0 |       0 |       0 |       0 |       0 |       0 |       0 |
| 98a51677-6bae-11e9-8dad-005056a54761 |          222 |       2 |     6 | 2019-05-01 01:15:24 | 17.9375 | 42.3125 |      0 | 0.6875 | 0.5625 |  0.375 | 0.3125 | 0.3125 | 0.3125 | 0.3125 | 0.3125 |       0 |       0 |       0 |       0 |       0 |       0 |       0 |       0 |       0 |       0 |       0 |       0 |       0 |       0 |       0 |       0 |
| 6ba653ce-6bcf-11e9-8dad-005056a54761 |          222 |       2 |    18 | 2019-05-01 05:10:21 | 17.8125 |  48.875 |      0 | 0.8125 | 0.5625 | 0.4375 |    0.5 | 0.4375 | 0.4375 | 0.4375 |  0.375 |       0 |       0 |       0 |       0 |       0 |       0 |       0 |       0 |       0 |       0 |       0 |       0 |       0 |       0 |       0 |       0 |
| 6ba653cf-6bcf-11e9-8dad-005056a54761 |          222 |       2 |    18 | 2019-05-01 05:10:22 | 17.8125 |  47.625 |      0 | 0.8125 | 0.5625 |  0.375 | 0.4375 |  0.375 |  0.375 |  0.375 | 0.3125 |       0 |       0 |       0 |       0 |       0 |       0 |       0 |       0 |       0 |       0 |       0 |       0 |       0 |       0 |       0 |       0 |
| 6a6eb1f5-6bcf-11e9-8dad-005056a54761 |          222 |       2 |     5 | 2019-05-01 05:10:20 | 17.1875 |    48.5 |      0 | 0.8125 | 0.5625 |    0.5 |    0.5 | 0.4375 | 0.4375 | 0.4375 | 0.4375 |       0 |       0 |       0 |       0 |       0 |       0 |       0 |       0 |       0 |       0 |       0 |       0 |       0 |       0 |       0 |       0 |
| 6a6eb1f6-6bcf-11e9-8dad-005056a54761 |          222 |       2 |     5 | 2019-05-01 05:10:20 | 17.1875 | 46.8125 |      0 |   0.75 |    0.5 | 0.4375 | 0.4375 |  0.375 |  0.375 |  0.375 |  0.375 |       0 |       0 |       0 |       0 |       0 |       0 |       0 |       0 |       0 |       0 |       0 |       0 |       0 |       0 |       0 |       0 |
| a8635fe4-6bae-11e9-8dad-005056a54761 |          222 |       2 |     2 | 2019-05-01 01:15:50 | 17.0625 |  37.125 |      0 | 0.6875 |  0.625 |    0.5 | 0.4375 |  0.375 | 0.3125 | 0.3125 | 0.3125 |       0 |       0 |       0 |       0 |       0 |       0 |       0 |       0 |       0 |       0 |       0 |       0 |       0 |       0 |       0 |       0 |
| a215ba61-6bae-11e9-8dad-005056a54761 |          222 |       2 |    14 | 2019-05-01 01:15:40 |      17 | 41.1875 |      0 |   0.75 | 0.6875 | 0.5625 |    0.5 | 0.4375 |  0.375 |  0.375 |  0.375 |       0 |       0 |       0 |       0 |       0 |       0 |       0 |       0 |       0 |       0 |       0 |       0 |       0 |       0 |       0 |       0 |
| a215ba60-6bae-11e9-8dad-005056a54761 |          222 |       2 |    12 | 2019-05-01 01:15:39 |   16.75 | 42.9375 |      0 |   0.75 | 0.6875 | 0.5625 |    0.5 |    0.5 | 0.4375 | 0.4375 | 0.4375 |       0 |       0 |       0 |       0 |       0 |       0 |       0 |       0 |       0 |       0 |       0 |       0 |       0 |       0 |       0 |       0 |
+--------------------------------------+--------------+---------+-------+---------------------+---------+---------+--------+--------+--------+--------+--------+--------+--------+--------+--------+---------+---------+---------+---------+---------+---------+---------+---------+---------+---------+---------+---------+---------+---------+---------+---------+
10 rows in set (0.02 sec)
